0 0.00048828125 0.00048828125 0.06201171875 0.06201171875
1 0.06298828125 0.00048828125 0.12451171875 0.06201171875
2 0.12548828125 0.00048828125 0.18701171875 0.06201171875
3 0.18798828125 0.00048828125 0.24951171875 0.06201171875
4 0.25048828125 0.00048828125 0.31201171875 0.06201171875
5 0.31298828125 0.00048828125 0.37451171875 0.06201171875
6 0.37548828125 0.00048828125 0.43701171875 0.06201171875
7 0.43798828125 0.00048828125 0.49951171875 0.06201171875
8 0.50048828125 0.00048828125 0.56201171875 0.06201171875
9 0.56298828125 0.00048828125 0.62451171875 0.06201171875
10 0.62548828125 0.00048828125 0.68701171875 0.06201171875
11 0.68798828125 0.00048828125 0.74951171875 0.06201171875
12 0.75048828125 0.00048828125 0.81201171875 0.06201171875
13 0.81298828125 0.00048828125 0.87451171875 0.06201171875
14 0.87548828125 0.00048828125 0.93701171875 0.06201171875
15 0.93798828125 0.00048828125 0.99951171875 0.06201171875
16 0.00048828125 0.06298828125 0.06201171875 0.12451171875
17 0.06298828125 0.06298828125 0.12451171875 0.12451171875
18 0.12548828125 0.06298828125 0.18701171875 0.12451171875
19 0.18798828125 0.06298828125 0.24951171875 0.12451171875
20 0.25048828125 0.06298828125 0.31201171875 0.12451171875
21 0.31298828125 0.06298828125 0.37451171875 0.12451171875
22 0.37548828125 0.06298828125 0.43701171875 0.12451171875
23 0.43798828125 0.06298828125 0.49951171875 0.12451171875
24 0.50048828125 0.06298828125 0.56201171875 0.12451171875
25 0.56298828125 0.06298828125 0.62451171875 0.12451171875
26 0.62548828125 0.06298828125 0.68701171875 0.12451171875
27 0.68798828125 0.06298828125 0.74951171875 0.12451171875
28 0.75048828125 0.06298828125 0.81201171875 0.12451171875
29 0.81298828125 0.06298828125 0.87451171875 0.12451171875
30 0.87548828125 0.06298828125 0.93701171875 0.12451171875
31 0.93798828125 0.06298828125 0.99951171875 0.12451171875
32 0.00048828125 0.12548828125 0.06201171875 0.18701171875
33 0.06298828125 0.12548828125 0.12451171875 0.18701171875
34 0.12548828125 0.12548828125 0.18701171875 0.18701171875
35 0.18798828125 0.12548828125 0.24951171875 0.18701171875
36 0.25048828125 0.12548828125 0.31201171875 0.18701171875
37 0.31298828125 0.12548828125 0.37451171875 0.18701171875
38 0.37548828125 0.12548828125 0.43701171875 0.18701171875
39 0.43798828125 0.12548828125 0.49951171875 0.18701171875
40 0.50048828125 0.12548828125 0.56201171875 0.18701171875
41 0.56298828125 0.12548828125 0.62451171875 0.18701171875
42 0.62548828125 0.12548828125 0.68701171875 0.18701171875
43 0.68798828125 0.12548828125 0.74951171875 0.18701171875
44 0.75048828125 0.12548828125 0.81201171875 0.18701171875
45 0.81298828125 0.12548828125 0.87451171875 0.18701171875
46 0.87548828125 0.12548828125 0.93701171875 0.18701171875
47 0.93798828125 0.12548828125 0.99951171875 0.18701171875
48 0.00048828125 0.18798828125 0.06201171875 0.24951171875
49 0.06298828125 0.18798828125 0.12451171875 0.24951171875
50 0.12548828125 0.18798828125 0.18701171875 0.24951171875
51 0.18798828125 0.18798828125 0.24951171875 0.24951171875
52 0.25048828125 0.18798828125 0.31201171875 0.24951171875
53 0.31298828125 0.18798828125 0.37451171875 0.24951171875
54 0.37548828125 0.18798828125 0.43701171875 0.24951171875
55 0.43798828125 0.18798828125 0.49951171875 0.24951171875
56 0.50048828125 0.18798828125 0.56201171875 0.24951171875
57 0.56298828125 0.18798828125 0.62451171875 0.24951171875
58 0.62548828125 0.18798828125 0.68701171875 0.24951171875
59 0.68798828125 0.18798828125 0.74951171875 0.24951171875
60 0.75048828125 0.18798828125 0.81201171875 0.24951171875
61 0.81298828125 0.18798828125 0.87451171875 0.24951171875
62 0.87548828125 0.18798828125 0.93701171875 0.24951171875
63 0.93798828125 0.18798828125 0.99951171875 0.24951171875
64 0.00048828125 0.25048828125 0.06201171875 0.31201171875
65 0.06298828125 0.25048828125 0.12451171875 0.31201171875
66 0.12548828125 0.25048828125 0.18701171875 0.31201171875
67 0.18798828125 0.25048828125 0.24951171875 0.31201171875
68 0.25048828125 0.25048828125 0.31201171875 0.31201171875
69 0.31298828125 0.25048828125 0.37451171875 0.31201171875
70 0.37548828125 0.25048828125 0.43701171875 0.31201171875
71 0.43798828125 0.25048828125 0.49951171875 0.31201171875
72 0.50048828125 0.25048828125 0.56201171875 0.31201171875
73 0.56298828125 0.25048828125 0.62451171875 0.31201171875
74 0.62548828125 0.25048828125 0.68701171875 0.31201171875
75 0.68798828125 0.25048828125 0.74951171875 0.31201171875
76 0.75048828125 0.25048828125 0.81201171875 0.31201171875
77 0.81298828125 0.25048828125 0.87451171875 0.31201171875
78 0.87548828125 0.25048828125 0.93701171875 0.31201171875
79 0.93798828125 0.25048828125 0.99951171875 0.31201171875
80 0.00048828125 0.31298828125 0.06201171875 0.37451171875
81 0.06298828125 0.31298828125 0.12451171875 0.37451171875
82 0.12548828125 0.31298828125 0.18701171875 0.37451171875
83 0.18798828125 0.31298828125 0.24951171875 0.37451171875
84 0.25048828125 0.31298828125 0.31201171875 0.37451171875
85 0.31298828125 0.31298828125 0.37451171875 0.37451171875
86 0.37548828125 0.31298828125 0.43701171875 0.37451171875
87 0.43798828125 0.31298828125 0.49951171875 0.37451171875
88 0.50048828125 0.31298828125 0.56201171875 0.37451171875
89 0.56298828125 0.31298828125 0.62451171875 0.37451171875
90 0.62548828125 0.31298828125 0.68701171875 0.37451171875
91 0.68798828125 0.31298828125 0.74951171875 0.37451171875
92 0.75048828125 0.31298828125 0.81201171875 0.37451171875
93 0.81298828125 0.31298828125 0.87451171875 0.37451171875
94 0.87548828125 0.31298828125 0.93701171875 0.37451171875
95 0.93798828125 0.31298828125 0.99951171875 0.37451171875
96 0.00048828125 0.37548828125 0.06201171875 0.43701171875
97 0.06298828125 0.37548828125 0.12451171875 0.43701171875
98 0.12548828125 0.37548828125 0.18701171875 0.43701171875
99 0.18798828125 0.37548828125 0.24951171875 0.43701171875
100 0.25048828125 0.37548828125 0.31201171875 0.43701171875
101 0.31298828125 0.37548828125 0.37451171875 0.43701171875
102 0.37548828125 0.37548828125 0.43701171875 0.43701171875
103 0.43798828125 0.37548828125 0.49951171875 0.43701171875
104 0.50048828125 0.37548828125 0.56201171875 0.43701171875
105 0.56298828125 0.37548828125 0.62451171875 0.43701171875
106 0.62548828125 0.37548828125 0.68701171875 0.43701171875
107 0.68798828125 0.37548828125 0.74951171875 0.43701171875
108 0.75048828125 0.37548828125 0.81201171875 0.43701171875
109 0.81298828125 0.37548828125 0.87451171875 0.43701171875
110 0.87548828125 0.37548828125 0.93701171875 0.43701171875
111 0.93798828125 0.37548828125 0.99951171875 0.43701171875
112 0.00048828125 0.43798828125 0.06201171875 0.49951171875
113 0.06298828125 0.43798828125 0.12451171875 0.49951171875
114 0.12548828125 0.43798828125 0.18701171875 0.49951171875
115 0.18798828125 0.43798828125 0.24951171875 0.49951171875
116 0.25048828125 0.43798828125 0.31201171875 0.49951171875
117 0.31298828125 0.43798828125 0.37451171875 0.49951171875
118 0.37548828125 0.43798828125 0.43701171875 0.49951171875
119 0.43798828125 0.43798828125 0.49951171875 0.49951171875
120 0.50048828125 0.43798828125 0.56201171875 0.49951171875
121 0.56298828125 0.43798828125 0.62451171875 0.49951171875
122 0.62548828125 0.43798828125 0.68701171875 0.49951171875
123 0.68798828125 0.43798828125 0.74951171875 0.49951171875
124 0.75048828125 0.43798828125 0.81201171875 0.49951171875
125 0.81298828125 0.43798828125 0.87451171875 0.49951171875
126 0.87548828125 0.43798828125 0.93701171875 0.49951171875
127 0.93798828125 0.43798828125 0.99951171875 0.49951171875
128 0.00048828125 0.50048828125 0.06201171875 0.56201171875
129 0.06298828125 0.50048828125 0.12451171875 0.56201171875
130 0.12548828125 0.50048828125 0.18701171875 0.56201171875
131 0.18798828125 0.50048828125 0.24951171875 0.56201171875
132 0.25048828125 0.50048828125 0.31201171875 0.56201171875
133 0.31298828125 0.50048828125 0.37451171875 0.56201171875
134 0.37548828125 0.50048828125 0.43701171875 0.56201171875
135 0.43798828125 0.50048828125 0.49951171875 0.56201171875
136 0.50048828125 0.50048828125 0.56201171875 0.56201171875
137 0.56298828125 0.50048828125 0.62451171875 0.56201171875
138 0.62548828125 0.50048828125 0.68701171875 0.56201171875
139 0.68798828125 0.50048828125 0.74951171875 0.56201171875
140 0.75048828125 0.50048828125 0.81201171875 0.56201171875
141 0.81298828125 0.50048828125 0.87451171875 0.56201171875
142 0.87548828125 0.50048828125 0.93701171875 0.56201171875
143 0.93798828125 0.50048828125 0.99951171875 0.56201171875
144 0.00048828125 0.56298828125 0.06201171875 0.62451171875
145 0.06298828125 0.56298828125 0.12451171875 0.62451171875
146 0.12548828125 0.56298828125 0.18701171875 0.62451171875
147 0.18798828125 0.56298828125 0.24951171875 0.62451171875
148 0.25048828125 0.56298828125 0.31201171875 0.62451171875
149 0.31298828125 0.56298828125 0.37451171875 0.62451171875
150 0.37548828125 0.56298828125 0.43701171875 0.62451171875
151 0.43798828125 0.56298828125 0.49951171875 0.62451171875
152 0.50048828125 0.56298828125 0.56201171875 0.62451171875
153 0.56298828125 0.56298828125 0.62451171875 0.62451171875
154 0.62548828125 0.56298828125 0.68701171875 0.62451171875
155 0.68798828125 0.56298828125 0.74951171875 0.62451171875
156 0.75048828125 0.56298828125 0.81201171875 0.62451171875
157 0.81298828125 0.56298828125 0.87451171875 0.62451171875
158 0.87548828125 0.56298828125 0.93701171875 0.62451171875
159 0.93798828125 0.56298828125 0.99951171875 0.62451171875
200 0 0.62548828125 1 0.68701171875
201 0 0.68798828125 1 0.74951171875
202 0 0.75048828125 1 0.81201171875
203 0 0.81298828125 1 0.87451171875
204 0 0.87548828125 1 0.93701171875
205 0 0.93798828125 1 0.99951171875
